0.03385648,0.03385648,0.109898989899,0.109898989899,0.109898989899,0.109898989899,0.109898989899,0.109898989899,0.109898989899,0.109898989899,0.109898989899,0.005,0.005,0.005,,3.35071065304e-19
0.03385648,0.045408,0.109898989899,0.109898989899,0.109898989899,0.109898989899,0.109898989899,0.109898989899,0.0739393939394,0.0739393939394,0.0739393939394,0.005,0.005,0.005,,4.71930283264e-19
0.03385648,0.11696,0.109898989899,0.109898989899,0.109898989899,0.109898989899,0.109898989899,0.109898989899,0.0739393939394,0.0739393939394,0.0739393939394,0.005,0.005,0.005,,8.24446450737e-19
0.03385648,0.070176,0.109898989899,0.109898989899,0.109898989899,0.109898989899,0.109898989899,0.109898989899,0.0739393939394,0.0739393939394,0.0739393939394,0.005,0.005,0.005,,1.03595615122e-18
0.03385648,0.052288,0.109898989899,0.109898989899,0.109898989899,0.109898989899,0.109898989899,0.109898989899,0.0739393939394,0.0739393939394,0.0739393939394,0.005,0.005,0.005,,1.19355161433e-18
0.03385648,0.02086128,0.109898989899,0.109898989899,0.109898989899,0.109898989899,0.109898989899,0.109898989899,0.109898989899,0.109898989899,0.109898989899,0.005,0.005,0.005,,1.40001168676e-18
0.03385648,0.08976,0.109898989899,0.109898989899,0.109898989899,0.109898989899,0.109898989899,0.109898989899,0.0739393939394,0.0739393939394,0.0739393939394,0.005,0.005,0.005,,1.67054735017e-18
0.03385648,0.053856,0.109898989899,0.109898989899,0.109898989899,0.109898989899,0.109898989899,0.109898989899,0.0739393939394,0.0739393939394,0.0739393939394,0.005,0.005,0.005,,1.83286874822e-18
0.03385648,0.040128,0.109898989899,0.109898989899,0.109898989899,0.109898989899,0.109898989899,0.109898989899,0.0739393939394,0.0739393939394,0.0739393939394,0.005,0.005,0.005,,1.95381410362e-18
0.03385648,0.122332,0.109898989899,0.109898989899,0.109898989899,0.109898989899,0.109898989899,0.109898989899,0.109898989899,0.109898989899,0.109898989899,0.005,0.005,0.005,,3.16451035913e-18
0.03385648,0.13872,0.109898989899,0.109898989899,0.109898989899,0.109898989899,0.109898989899,0.109898989899,0.0739393939394,0.0739393939394,0.0739393939394,0.005,0.005,0.005,,3.58261092986e-18
0.03385648,0.10336,0.109898989899,0.109898989899,0.109898989899,0.109898989899,0.109898989899,0.109898989899,0.0739393939394,0.0739393939394,0.0739393939394,0.005,0.005,0.005,,3.8941368453e-18
0.03385648,0.04648752,0.109898989899,0.109898989899,0.109898989899,0.109898989899,0.109898989899,0.109898989899,0.109898989899,0.109898989899,0.109898989899,0.005,0.005,0.005,,4.35421488205e-18
0.03385648,0.062016,0.109898989899,0.109898989899,0.109898989899,0.109898989899,0.109898989899,0.109898989899,0.0739393939394,0.0739393939394,0.0739393939394,0.005,0.005,0.005,,4.54113043132e-18
0.03385648,0.02697088,0.109898989899,0.109898989899,0.109898989899,0.109898989899,0.109898989899,0.109898989899,0.109898989899,0.109898989899,0.109898989899,0.005,0.005,0.005,,4.80805603888e-18
0.045408,0.03385648,0.109898989899,0.109898989899,0.109898989899,0.0739393939394,0.0739393939394,0.0739393939394,0.109898989899,0.109898989899,0.109898989899,0.005,0.005,0.005,,4.94491525684e-18
0.045408,0.045408,0.109898989899,0.109898989899,0.109898989899,0.0739393939394,0.0739393939394,0.0739393939394,0.0739393939394,0.0739393939394,0.0739393939394,0.005,0.005,0.005,,5.00081517623e-18
0.045408,0.11696,0.109898989899,0.109898989899,0.109898989899,0.0739393939394,0.0739393939394,0.0739393939394,0.0739393939394,0.0739393939394,0.0739393939394,0.005,0.005,0.005,,5.14479981708e-18
0.045408,0.070176,0.109898989899,0.109898989899,0.109898989899,0.0739393939394,0.0739393939394,0.0739393939394,0.0739393939394,0.0739393939394,0.0739393939394,0.005,0.005,0.005,,5.23119060159e-18
0.045408,0.052288,0.109898989899,0.109898989899,0.109898989899,0.0739393939394,0.0739393939394,0.0739393939394,0.0739393939394,0.0739393939394,0.0739393939394,0.005,0.005,0.005,,5.29556020574e-18
0.045408,0.02086128,0.109898989899,0.109898989899,0.109898989899,0.0739393939394,0.0739393939394,0.0739393939394,0.109898989899,0.109898989899,0.109898989899,0.005,0.005,0.005,,5.3798884781e-18
0.045408,0.08976,0.109898989899,0.109898989899,0.109898989899,0.0739393939394,0.0739393939394,0.0739393939394,0.0739393939394,0.0739393939394,0.0739393939394,0.005,0.005,0.005,,5.49038831875e-18
0.045408,0.053856,0.109898989899,0.109898989899,0.109898989899,0.0739393939394,0.0739393939394,0.0739393939394,0.0739393939394,0.0739393939394,0.0739393939394,0.005,0.005,0.005,,5.55668822315e-18
0.045408,0.040128,0.109898989899,0.109898989899,0.109898989899,0.0739393939394,0.0739393939394,0.0739393939394,0.0739393939394,0.0739393939394,0.0739393939394,0.005,0.005,0.005,,5.60608815191e-18
0.045408,0.122332,0.109898989899,0.109898989899,0.109898989899,0.0739393939394,0.0739393939394,0.0739393939394,0.109898989899,0.109898989899,0.109898989899,0.005,0.005,0.005,,6.10059501888e-18
0.045408,0.13872,0.109898989899,0.109898989899,0.109898989899,0.0739393939394,0.0739393939394,0.0739393939394,0.0739393939394,0.0739393939394,0.0739393939394,0.005,0.005,0.005,,6.2713674999e-18
0.045408,0.10336,0.109898989899,0.109898989899,0.109898989899,0.0739393939394,0.0739393939394,0.0739393939394,0.0739393939394,0.0739393939394,0.0739393939394,0.005,0.005,0.005,,6.39860974065e-18
0.045408,0.04648752,0.109898989899,0.109898989899,0.109898989899,0.0739393939394,0.0739393939394,0.0739393939394,0.109898989899,0.109898989899,0.109898989899,0.005,0.005,0.005,,6.58652784768e-18
0.045408,0.062016,0.109898989899,0.109898989899,0.109898989899,0.0739393939394,0.0739393939394,0.0739393939394,0.0739393939394,0.0739393939394,0.0739393939394,0.005,0.005,0.005,,6.66287319213e-18
0.045408,0.02697088,0.109898989899,0.109898989899,0.109898989899,0.0739393939394,0.0739393939394,0.0739393939394,0.109898989899,0.109898989899,0.109898989899,0.005,0.005,0.005,,6.77189851149e-18
0.11696,0.03385648,0.109898989899,0.109898989899,0.109898989899,0.0739393939394,0.0739393939394,0.0739393939394,0.109898989899,0.109898989899,0.109898989899,0.005,0.005,0.005,,7.12441467896e-18
0.11696,0.045408,0.109898989899,0.109898989899,0.109898989899,0.0739393939394,0.0739393939394,0.0739393939394,0.0739393939394,0.0739393939394,0.0739393939394,0.005,0.005,0.005,,7.26839931982e-18
0.11696,0.11696,0.109898989899,0.109898989899,0.109898989899,0.0739393939394,0.0739393939394,0.0739393939394,0.0739393939394,0.0739393939394,0.0739393939394,0.005,0.005,0.005,,7.63926884929e-18
0.11696,0.070176,0.109898989899,0.109898989899,0.109898989899,0.0739393939394,0.0739393939394,0.0739393939394,0.0739393939394,0.0739393939394,0.0739393939394,0.005,0.005,0.005,,7.86179056698e-18
0.11696,0.052288,0.109898989899,0.109898989899,0.109898989899,0.0739393939394,0.0739393939394,0.0739393939394,0.0739393939394,0.0739393939394,0.0739393939394,0.005,0.005,0.005,,8.02759106251e-18
0.11696,0.02086128,0.109898989899,0.109898989899,0.109898989899,0.0739393939394,0.0739393939394,0.0739393939394,0.109898989899,0.109898989899,0.109898989899,0.005,0.005,0.005,,8.24480024888e-18
0.11696,0.08976,0.109898989899,0.109898989899,0.109898989899,0.0739393939394,0.0739393939394,0.0739393939394,0.0739393939394,0.0739393939394,0.0739393939394,0.005,0.005,0.005,,8.52942105057e-18
0.11696,0.053856,0.109898989899,0.109898989899,0.109898989899,0.0739393939394,0.0739393939394,0.0739393939394,0.0739393939394,0.0739393939394,0.0739393939394,0.005,0.005,0.005,,8.70019353158e-18
0.11696,0.040128,0.109898989899,0.109898989899,0.109898989899,0.0739393939394,0.0739393939394,0.0739393939394,0.0739393939394,0.0739393939394,0.0739393939394,0.005,0.005,0.005,,8.82743577234e-18
0.11696,0.122332,0.109898989899,0.109898989899,0.109898989899,0.0739393939394,0.0739393939394,0.0739393939394,0.109898989899,0.109898989899,0.109898989899,0.005,0.005,0.005,,1.01011655812e-17
0.11696,0.13872,0.109898989899,0.109898989899,0.109898989899,0.0739393939394,0.0739393939394,0.0739393939394,0.0739393939394,0.0739393939394,0.0739393939394,0.005,0.005,0.005,,1.05410340929e-17
0.11696,0.10336,0.109898989899,0.109898989899,0.109898989899,0.0739393939394,0.0739393939394,0.0739393939394,0.0739393939394,0.0739393939394,0.0739393939394,0.005,0.005,0.005,,1.08687792585e-17
0.11696,0.04648752,0.109898989899,0.109898989899,0.109898989899,0.0739393939394,0.0739393939394,0.0739393939394,0.109898989899,0.109898989899,0.109898989899,0.005,0.005,0.005,,1.13528107463e-17
0.11696,0.062016,0.109898989899,0.109898989899,0.109898989899,0.0739393939394,0.0739393939394,0.0739393939394,0.0739393939394,0.0739393939394,0.0739393939394,0.005,0.005,0.005,,1.15494578456e-17
0.11696,0.02697088,0.109898989899,0.109898989899,0.109898989899,0.0739393939394,0.0739393939394,0.0739393939394,0.109898989899,0.109898989899,0.109898989899,0.005,0.005,0.005,,1.18302806379e-17
0.070176,0.03385648,0.109898989899,0.109898989899,0.109898989899,0.0739393939394,0.0739393939394,0.0739393939394,0.109898989899,0.109898989899,0.109898989899,0.005,0.005,0.005,,1.20417903384e-17
0.070176,0.045408,0.109898989899,0.109898989899,0.109898989899,0.0739393939394,0.0739393939394,0.0739393939394,0.0739393939394,0.0739393939394,0.0739393939394,0.005,0.005,0.005,,1.21281811229e-17
0.070176,0.11696,0.109898989899,0.109898989899,0.109898989899,0.0739393939394,0.0739393939394,0.0739393939394,0.0739393939394,0.0739393939394,0.0739393939394,0.005,0.005,0.005,,1.23507028406e-17
0.070176,0.070176,0.109898989899,0.109898989899,0.109898989899,0.0739393939394,0.0739393939394,0.0739393939394,0.0739393939394,0.0739393939394,0.0739393939394,0.005,0.005,0.005,,1.24842158712e-17
0.070176,0.052288,0.109898989899,0.109898989899,0.109898989899,0.0739393939394,0.0739393939394,0.0739393939394,0.0739393939394,0.0739393939394,0.0739393939394,0.005,0.005,0.005,,1.25836961685e-17
0.070176,0.02086128,0.109898989899,0.109898989899,0.109898989899,0.0739393939394,0.0739393939394,0.0739393939394,0.109898989899,0.109898989899,0.109898989899,0.005,0.005,0.005,,1.27140216804e-17
0.070176,0.08976,0.109898989899,0.109898989899,0.109898989899,0.0739393939394,0.0739393939394,0.0739393939394,0.0739393939394,0.0739393939394,0.0739393939394,0.005,0.005,0.005,,1.28847941614e-17
0.070176,0.053856,0.109898989899,0.109898989899,0.109898989899,0.0739393939394,0.0739393939394,0.0739393939394,0.0739393939394,0.0739393939394,0.0739393939394,0.005,0.005,0.005,,1.298725765e-17
0.070176,0.040128,0.109898989899,0.109898989899,0.109898989899,0.0739393939394,0.0739393939394,0.0739393939394,0.0739393939394,0.0739393939394,0.0739393939394,0.005,0.005,0.005,,1.30636029944e-17
0.070176,0.122332,0.109898989899,0.109898989899,0.109898989899,0.0739393939394,0.0739393939394,0.0739393939394,0.109898989899,0.109898989899,0.109898989899,0.005,0.005,0.005,,1.38278408798e-17
0.070176,0.13872,0.109898989899,0.109898989899,0.109898989899,0.0739393939394,0.0739393939394,0.0739393939394,0.0739393939394,0.0739393939394,0.0739393939394,0.005,0.005,0.005,,1.40917619868e-17
0.070176,0.10336,0.109898989899,0.109898989899,0.109898989899,0.0739393939394,0.0739393939394,0.0739393939394,0.0739393939394,0.0739393939394,0.0739393939394,0.005,0.005,0.005,,1.42884090861e-17
0.070176,0.04648752,0.109898989899,0.109898989899,0.109898989899,0.0739393939394,0.0739393939394,0.0739393939394,0.109898989899,0.109898989899,0.109898989899,0.005,0.005,0.005,,1.45788279788e-17
0.070176,0.062016,0.109898989899,0.109898989899,0.109898989899,0.0739393939394,0.0739393939394,0.0739393939394,0.0739393939394,0.0739393939394,0.0739393939394,0.005,0.005,0.005,,1.46968162384e-17
0.070176,0.02697088,0.109898989899,0.109898989899,0.109898989899,0.0739393939394,0.0739393939394,0.0739393939394,0.109898989899,0.109898989899,0.109898989899,0.005,0.005,0.005,,1.48653099138e-17
0.052288,0.03385648,0.109898989899,0.109898989899,0.109898989899,0.0739393939394,0.0739393939394,0.0739393939394,0.109898989899,0.109898989899,0.109898989899,0.005,0.005,0.005,,1.50229053769e-17
0.052288,0.045408,0.109898989899,0.109898989899,0.109898989899,0.0739393939394,0.0739393939394,0.0739393939394,0.0739393939394,0.0739393939394,0.0739393939394,0.005,0.005,0.005,,1.5087274981e-17
0.052288,0.11696,0.109898989899,0.109898989899,0.109898989899,0.0739393939394,0.0739393939394,0.0739393939394,0.0739393939394,0.0739393939394,0.0739393939394,0.005,0.005,0.005,,1.52530754766e-17
0.052288,0.070176,0.109898989899,0.109898989899,0.109898989899,0.0739393939394,0.0739393939394,0.0739393939394,0.0739393939394,0.0739393939394,0.0739393939394,0.005,0.005,0.005,,1.53525557739e-17
0.052288,0.052288,0.109898989899,0.109898989899,0.109898989899,0.0739393939394,0.0739393939394,0.0739393939394,0.0739393939394,0.0739393939394,0.0739393939394,0.005,0.005,0.005,,1.54266783484e-17
0.052288,0.02086128,0.109898989899,0.109898989899,0.109898989899,0.0739393939394,0.0739393939394,0.0739393939394,0.109898989899,0.109898989899,0.109898989899,0.005,0.005,0.005,,1.55237836317e-17
0.052288,0.08976,0.109898989899,0.109898989899,0.109898989899,0.0739393939394,0.0739393939394,0.0739393939394,0.0739393939394,0.0739393939394,0.0739393939394,0.005,0.005,0.005,,1.56510258724e-17
0.052288,0.053856,0.109898989899,0.109898989899,0.109898989899,0.0739393939394,0.0739393939394,0.0739393939394,0.0739393939394,0.0739393939394,0.0739393939394,0.005,0.005,0.005,,1.57273712169e-17
0.052288,0.040128,0.109898989899,0.109898989899,0.109898989899,0.0739393939394,0.0739393939394,0.0739393939394,0.0739393939394,0.0739393939394,0.0739393939394,0.005,0.005,0.005,,1.57842559833e-17
0.052288,0.122332,0.109898989899,0.109898989899,0.109898989899,0.0739393939394,0.0739393939394,0.0739393939394,0.109898989899,0.109898989899,0.109898989899,0.005,0.005,0.005,,1.63536881332e-17
0.052288,0.13872,0.109898989899,0.109898989899,0.109898989899,0.0739393939394,0.0739393939394,0.0739393939394,0.0739393939394,0.0739393939394,0.0739393939394,0.005,0.005,0.005,,1.65503352325e-17
0.052288,0.10336,0.109898989899,0.109898989899,0.109898989899,0.0739393939394,0.0739393939394,0.0739393939394,0.0739393939394,0.0739393939394,0.0739393939394,0.005,0.005,0.005,,1.66968566007e-17
0.052288,0.04648752,0.109898989899,0.109898989899,0.109898989899,0.0739393939394,0.0739393939394,0.0739393939394,0.109898989899,0.109898989899,0.109898989899,0.005,0.005,0.005,,1.69132471482e-17
0.052288,0.062016,0.109898989899,0.109898989899,0.109898989899,0.0739393939394,0.0739393939394,0.0739393939394,0.0739393939394,0.0739393939394,0.0739393939394,0.005,0.005,0.005,,1.70011599691e-17
0.052288,0.02697088,0.109898989899,0.109898989899,0.109898989899,0.0739393939394,0.0739393939394,0.0739393939394,0.109898989899,0.109898989899,0.109898989899,0.005,0.005,0.005,,1.71267042762e-17
0.02086128,0.03385648,0.109898989899,0.109898989899,0.109898989899,0.109898989899,0.109898989899,0.109898989899,0.109898989899,0.109898989899,0.109898989899,0.005,0.005,0.005,,1.73331643486e-17
0.02086128,0.045408,0.109898989899,0.109898989899,0.109898989899,0.109898989899,0.109898989899,0.109898989899,0.0739393939394,0.0739393939394,0.0739393939394,0.005,0.005,0.005,,1.7417492621e-17
0.02086128,0.11696,0.109898989899,0.109898989899,0.109898989899,0.109898989899,0.109898989899,0.109898989899,0.0739393939394,0.0739393939394,0.0739393939394,0.005,0.005,0.005,,1.76347018074e-17
0.02086128,0.070176,0.109898989899,0.109898989899,0.109898989899,0.109898989899,0.109898989899,0.109898989899,0.0739393939394,0.0739393939394,0.0739393939394,0.005,0.005,0.005,,1.77650273192e-17
0.02086128,0.052288,0.109898989899,0.109898989899,0.109898989899,0.109898989899,0.109898989899,0.109898989899,0.0739393939394,0.0739393939394,0.0739393939394,0.005,0.005,0.005,,1.78621326025e-17
0.02086128,0.02086128,0.109898989899,0.109898989899,0.109898989899,0.109898989899,0.109898989899,0.109898989899,0.109898989899,0.109898989899,0.109898989899,0.005,0.005,0.005,,1.7989346695e-17
0.02086128,0.08976,0.109898989899,0.109898989899,0.109898989899,0.109898989899,0.109898989899,0.109898989899,0.0739393939394,0.0739393939394,0.0739393939394,0.005,0.005,0.005,,1.81560421171e-17
0.02086128,0.053856,0.109898989899,0.109898989899,0.109898989899,0.109898989899,0.109898989899,0.109898989899,0.0739393939394,0.0739393939394,0.0739393939394,0.005,0.005,0.005,,1.82560593704e-17
0.02086128,0.040128,0.109898989899,0.109898989899,0.109898989899,0.109898989899,0.109898989899,0.109898989899,0.0739393939394,0.0739393939394,0.0739393939394,0.005,0.005,0.005,,1.83305820297e-17
0.02086128,0.122332,0.109898989899,0.109898989899,0.109898989899,0.109898989899,0.109898989899,0.109898989899,0.109898989899,0.109898989899,0.109898989899,0.005,0.005,0.005,,1.90765743355e-17
0.02086128,0.13872,0.109898989899,0.109898989899,0.109898989899,0.109898989899,0.109898989899,0.109898989899,0.0739393939394,0.0739393939394,0.0739393939394,0.005,0.005,0.005,,1.93341945333e-17
0.02086128,0.10336,0.109898989899,0.109898989899,0.109898989899,0.109898989899,0.109898989899,0.109898989899,0.0739393939394,0.0739393939394,0.0739393939394,0.005,0.005,0.005,,1.95261468375e-17
0.02086128,0.04648752,0.109898989899,0.109898989899,0.109898989899,0.109898989899,0.109898989899,0.109898989899,0.109898989899,0.109898989899,0.109898989899,0.005,0.005,0.005,,1.98096322071e-17
0.02086128,0.062016,0.109898989899,0.109898989899,0.109898989899,0.109898989899,0.109898989899,0.109898989899,0.0739393939394,0.0739393939394,0.0739393939394,0.005,0.005,0.005,,1.99248035897e-17
0.02086128,0.02697088,0.109898989899,0.109898989899,0.109898989899,0.109898989899,0.109898989899,0.109898989899,0.109898989899,0.109898989899,0.109898989899,0.005,0.005,0.005,,2.00892746108e-17
0.08976,0.03385648,0.109898989899,0.109898989899,0.109898989899,0.0739393939394,0.0739393939394,0.0739393939394,0.109898989899,0.109898989899,0.109898989899,0.005,0.005,0.005,,2.03598102742e-17
0.08976,0.045408,0.109898989899,0.109898989899,0.109898989899,0.0739393939394,0.0739393939394,0.0739393939394,0.0739393939394,0.0739393939394,0.0739393939394,0.005,0.005,0.005,,2.04703101149e-17
0.08976,0.11696,0.109898989899,0.109898989899,0.109898989899,0.0739393939394,0.0739393939394,0.0739393939394,0.0739393939394,0.0739393939394,0.0739393939394,0.005,0.005,0.005,,2.07549309166e-17
0.08976,0.070176,0.109898989899,0.109898989899,0.109898989899,0.0739393939394,0.0739393939394,0.0739393939394,0.0739393939394,0.0739393939394,0.0739393939394,0.005,0.005,0.005,,2.09257033976e-17
0.08976,0.052288,0.109898989899,0.109898989899,0.109898989899,0.0739393939394,0.0739393939394,0.0739393939394,0.0739393939394,0.0739393939394,0.0739393939394,0.005,0.005,0.005,,2.10529456383e-17
0.08976,0.02086128,0.109898989899,0.109898989899,0.109898989899,0.0739393939394,0.0739393939394,0.0739393939394,0.109898989899,0.109898989899,0.109898989899,0.005,0.005,0.005,,2.12196410604e-17
0.08976,0.08976,0.109898989899,0.109898989899,0.109898989899,0.0739393939394,0.0739393939394,0.0739393939394,0.0739393939394,0.0739393939394,0.0739393939394,0.005,0.005,0.005,,2.1438070978e-17
0.08976,0.053856,0.109898989899,0.109898989899,0.109898989899,0.0739393939394,0.0739393939394,0.0739393939394,0.0739393939394,0.0739393939394,0.0739393939394,0.005,0.005,0.005,,2.15691289286e-17
0.08976,0.040128,0.109898989899,0.109898989899,0.109898989899,0.0739393939394,0.0739393939394,0.0739393939394,0.0739393939394,0.0739393939394,0.0739393939394,0.005,0.005,0.005,,2.16667799505e-17
0.08976,0.122332,0.109898989899,0.109898989899,0.109898989899,0.0739393939394,0.0739393939394,0.0739393939394,0.109898989899,0.109898989899,0.109898989899,0.005,0.005,0.005,,2.26442935248e-17
0.08976,0.13872,0.109898989899,0.109898989899,0.109898989899,0.0739393939394,0.0739393939394,0.0739393939394,0.0739393939394,0.0739393939394,0.0739393939394,0.005,0.005,0.005,,2.29818670338e-17
0.08976,0.10336,0.109898989899,0.109898989899,0.109898989899,0.0739393939394,0.0739393939394,0.0739393939394,0.0739393939394,0.0739393939394,0.0739393939394,0.005,0.005,0.005,,2.32333923934e-17
0.08976,0.04648752,0.109898989899,0.109898989899,0.109898989899,0.0739393939394,0.0739393939394,0.0739393939394,0.109898989899,0.109898989899,0.109898989899,0.005,0.005,0.005,,2.36048584189e-17
0.08976,0.062016,0.109898989899,0.109898989899,0.109898989899,0.0739393939394,0.0739393939394,0.0739393939394,0.0739393939394,0.0739393939394,0.0739393939394,0.005,0.005,0.005,,2.37557736347e-17
0.08976,0.02697088,0.109898989899,0.109898989899,0.109898989899,0.0739393939394,0.0739393939394,0.0739393939394,0.109898989899,0.109898989899,0.109898989899,0.005,0.005,0.005,,2.39712888009e-17
0.053856,0.03385648,0.109898989899,0.109898989899,0.109898989899,0.0739393939394,0.0739393939394,0.0739393939394,0.109898989899,0.109898989899,0.109898989899,0.005,0.005,0.005,,2.41336101989e-17
0.053856,0.045408,0.109898989899,0.109898989899,0.109898989899,0.0739393939394,0.0739393939394,0.0739393939394,0.0739393939394,0.0739393939394,0.0739393939394,0.005,0.005,0.005,,2.41999101033e-17
0.053856,0.11696,0.109898989899,0.109898989899,0.109898989899,0.0739393939394,0.0739393939394,0.0739393939394,0.0739393939394,0.0739393939394,0.0739393939394,0.005,0.005,0.005,,2.43706825843e-17
0.053856,0.070176,0.109898989899,0.109898989899,0.109898989899,0.0739393939394,0.0739393939394,0.0739393939394,0.0739393939394,0.0739393939394,0.0739393939394,0.005,0.005,0.005,,2.44731460729e-17
0.053856,0.052288,0.109898989899,0.109898989899,0.109898989899,0.0739393939394,0.0739393939394,0.0739393939394,0.0739393939394,0.0739393939394,0.0739393939394,0.005,0.005,0.005,,2.45494914174e-17
0.053856,0.02086128,0.109898989899,0.109898989899,0.109898989899,0.0739393939394,0.0739393939394,0.0739393939394,0.109898989899,0.109898989899,0.109898989899,0.005,0.005,0.005,,2.46495086706e-17
0.053856,0.08976,0.109898989899,0.109898989899,0.109898989899,0.0739393939394,0.0739393939394,0.0739393939394,0.0739393939394,0.0739393939394,0.0739393939394,0.005,0.005,0.005,,2.47805666212e-17
0.053856,0.053856,0.109898989899,0.109898989899,0.109898989899,0.0739393939394,0.0739393939394,0.0739393939394,0.0739393939394,0.0739393939394,0.0739393939394,0.005,0.005,0.005,,2.48592013915e-17
0.053856,0.040128,0.109898989899,0.109898989899,0.109898989899,0.0739393939394,0.0739393939394,0.0739393939394,0.0739393939394,0.0739393939394,0.0739393939394,0.005,0.005,0.005,,2.49177920047e-17
0.053856,0.122332,0.109898989899,0.109898989899,0.109898989899,0.0739393939394,0.0739393939394,0.0739393939394,0.109898989899,0.109898989899,0.109898989899,0.005,0.005,0.005,,2.55043001493e-17
0.053856,0.13872,0.109898989899,0.109898989899,0.109898989899,0.0739393939394,0.0739393939394,0.0739393939394,0.0739393939394,0.0739393939394,0.0739393939394,0.005,0.005,0.005,,2.57068442546e-17
0.053856,0.10336,0.109898989899,0.109898989899,0.109898989899,0.0739393939394,0.0739393939394,0.0739393939394,0.0739393939394,0.0739393939394,0.0739393939394,0.005,0.005,0.005,,2.58577594704e-17
0.053856,0.04648752,0.109898989899,0.109898989899,0.109898989899,0.0739393939394,0.0739393939394,0.0739393939394,0.109898989899,0.109898989899,0.109898989899,0.005,0.005,0.005,,2.60806390857e-17
0.053856,0.062016,0.109898989899,0.109898989899,0.109898989899,0.0739393939394,0.0739393939394,0.0739393939394,0.0739393939394,0.0739393939394,0.0739393939394,0.005,0.005,0.005,,2.61711882152e-17
0.053856,0.02697088,0.109898989899,0.109898989899,0.109898989899,0.0739393939394,0.0739393939394,0.0739393939394,0.109898989899,0.109898989899,0.109898989899,0.005,0.005,0.005,,2.63004973149e-17
0.040128,0.03385648,0.109898989899,0.109898989899,0.109898989899,0.0739393939394,0.0739393939394,0.0739393939394,0.109898989899,0.109898989899,0.109898989899,0.005,0.005,0.005,,2.64214426703e-17
0.040128,0.045408,0.109898989899,0.109898989899,0.109898989899,0.0739393939394,0.0739393939394,0.0739393939394,0.0739393939394,0.0739393939394,0.0739393939394,0.005,0.005,0.005,,2.64708425991e-17
0.040128,0.11696,0.109898989899,0.109898989899,0.109898989899,0.0739393939394,0.0739393939394,0.0739393939394,0.0739393939394,0.0739393939394,0.0739393939394,0.005,0.005,0.005,,2.65980848398e-17
0.040128,0.070176,0.109898989899,0.109898989899,0.109898989899,0.0739393939394,0.0739393939394,0.0739393939394,0.0739393939394,0.0739393939394,0.0739393939394,0.005,0.005,0.005,,2.66744301843e-17
0.040128,0.052288,0.109898989899,0.109898989899,0.109898989899,0.0739393939394,0.0739393939394,0.0739393939394,0.0739393939394,0.0739393939394,0.0739393939394,0.005,0.005,0.005,,2.67313149507e-17
0.040128,0.02086128,0.109898989899,0.109898989899,0.109898989899,0.0739393939394,0.0739393939394,0.0739393939394,0.109898989899,0.109898989899,0.109898989899,0.005,0.005,0.005,,2.680583761e-17
0.040128,0.08976,0.109898989899,0.109898989899,0.109898989899,0.0739393939394,0.0739393939394,0.0739393939394,0.0739393939394,0.0739393939394,0.0739393939394,0.005,0.005,0.005,,2.6903488632e-17
0.040128,0.053856,0.109898989899,0.109898989899,0.109898989899,0.0739393939394,0.0739393939394,0.0739393939394,0.0739393939394,0.0739393939394,0.0739393939394,0.005,0.005,0.005,,2.69620792452e-17
0.040128,0.040128,0.109898989899,0.109898989899,0.109898989899,0.0739393939394,0.0739393939394,0.0739393939394,0.0739393939394,0.0739393939394,0.0739393939394,0.005,0.005,0.005,,2.70057349962e-17
0.040128,0.122332,0.109898989899,0.109898989899,0.109898989899,0.0739393939394,0.0739393939394,0.0739393939394,0.109898989899,0.109898989899,0.109898989899,0.005,0.005,0.005,,2.74427410647e-17
0.040128,0.13872,0.109898989899,0.109898989899,0.109898989899,0.0739393939394,0.0739393939394,0.0739393939394,0.0739393939394,0.0739393939394,0.0739393939394,0.005,0.005,0.005,,2.75936562805e-17
0.040128,0.10336,0.109898989899,0.109898989899,0.109898989899,0.0739393939394,0.0739393939394,0.0739393939394,0.0739393939394,0.0739393939394,0.0739393939394,0.005,0.005,0.005,,2.77061029118e-17
0.040128,0.04648752,0.109898989899,0.109898989899,0.109898989899,0.0739393939394,0.0739393939394,0.0739393939394,0.109898989899,0.109898989899,0.109898989899,0.005,0.005,0.005,,2.78721700762e-17
0.040128,0.062016,0.109898989899,0.109898989899,0.109898989899,0.0739393939394,0.0739393939394,0.0739393939394,0.0739393939394,0.0739393939394,0.0739393939394,0.005,0.005,0.005,,2.7939638055e-17
0.040128,0.02697088,0.109898989899,0.109898989899,0.109898989899,0.0739393939394,0.0739393939394,0.0739393939394,0.109898989899,0.109898989899,0.109898989899,0.005,0.005,0.005,,2.80359860116e-17
0.122332,0.03385648,0.109898989899,0.109898989899,0.109898989899,0.109898989899,0.109898989899,0.109898989899,0.109898989899,0.109898989899,0.109898989899,0.005,0.005,0.005,,2.92466822671e-17
0.122332,0.045408,0.109898989899,0.109898989899,0.109898989899,0.109898989899,0.109898989899,0.109898989899,0.0739393939394,0.0739393939394,0.0739393939394,0.005,0.005,0.005,,2.97411891341e-17
0.122332,0.11696,0.109898989899,0.109898989899,0.109898989899,0.109898989899,0.109898989899,0.109898989899,0.0739393939394,0.0739393939394,0.0739393939394,0.005,0.005,0.005,,3.1014918943e-17
0.122332,0.070176,0.109898989899,0.109898989899,0.109898989899,0.109898989899,0.109898989899,0.109898989899,0.0739393939394,0.0739393939394,0.0739393939394,0.005,0.005,0.005,,3.17791568283e-17
0.122332,0.052288,0.109898989899,0.109898989899,0.109898989899,0.109898989899,0.109898989899,0.109898989899,0.0739393939394,0.0739393939394,0.0739393939394,0.005,0.005,0.005,,3.23485889782e-17
0.122332,0.02086128,0.109898989899,0.109898989899,0.109898989899,0.109898989899,0.109898989899,0.109898989899,0.109898989899,0.109898989899,0.109898989899,0.005,0.005,0.005,,3.30945812839e-17
0.122332,0.08976,0.109898989899,0.109898989899,0.109898989899,0.109898989899,0.109898989899,0.109898989899,0.0739393939394,0.0739393939394,0.0739393939394,0.005,0.005,0.005,,3.40720948582e-17
0.122332,0.053856,0.109898989899,0.109898989899,0.109898989899,0.109898989899,0.109898989899,0.109898989899,0.0739393939394,0.0739393939394,0.0739393939394,0.005,0.005,0.005,,3.46586030027e-17
0.122332,0.040128,0.109898989899,0.109898989899,0.109898989899,0.109898989899,0.109898989899,0.109898989899,0.0739393939394,0.0739393939394,0.0739393939394,0.005,0.005,0.005,,3.50956090712e-17
0.122332,0.122332,0.109898989899,0.109898989899,0.109898989899,0.109898989899,0.109898989899,0.109898989899,0.109898989899,0.109898989899,0.109898989899,0.005,0.005,0.005,,3.94701599498e-17
0.122332,0.13872,0.109898989899,0.109898989899,0.109898989899,0.109898989899,0.109898989899,0.109898989899,0.0739393939394,0.0739393939394,0.0739393939394,0.005,0.005,0.005,,4.09808627464e-17
0.122332,0.10336,0.109898989899,0.109898989899,0.109898989899,0.109898989899,0.109898989899,0.109898989899,0.0739393939394,0.0739393939394,0.0739393939394,0.005,0.005,0.005,,4.21064844379e-17
0.122332,0.04648752,0.109898989899,0.109898989899,0.109898989899,0.109898989899,0.109898989899,0.109898989899,0.109898989899,0.109898989899,0.109898989899,0.005,0.005,0.005,,4.37688624049e-17
0.122332,0.062016,0.109898989899,0.109898989899,0.109898989899,0.109898989899,0.109898989899,0.109898989899,0.0739393939394,0.0739393939394,0.0739393939394,0.005,0.005,0.005,,4.44442354198e-17
0.122332,0.02697088,0.109898989899,0.109898989899,0.109898989899,0.109898989899,0.109898989899,0.109898989899,0.109898989899,0.109898989899,0.109898989899,0.005,0.005,0.005,,4.54087049519e-17
0.13872,0.03385648,0.109898989899,0.109898989899,0.109898989899,0.0739393939394,0.0739393939394,0.0739393939394,0.109898989899,0.109898989899,0.109898989899,0.005,0.005,0.005,,4.58268055227e-17
0.13872,0.045408,0.109898989899,0.109898989899,0.109898989899,0.0739393939394,0.0739393939394,0.0739393939394,0.0739393939394,0.0739393939394,0.0739393939394,0.005,0.005,0.005,,4.59975780037e-17
0.13872,0.11696,0.109898989899,0.109898989899,0.109898989899,0.0739393939394,0.0739393939394,0.0739393939394,0.0739393939394,0.0739393939394,0.0739393939394,0.005,0.005,0.005,,4.64374465154e-17
0.13872,0.070176,0.109898989899,0.109898989899,0.109898989899,0.0739393939394,0.0739393939394,0.0739393939394,0.0739393939394,0.0739393939394,0.0739393939394,0.005,0.005,0.005,,4.67013676224e-17
0.13872,0.052288,0.109898989899,0.109898989899,0.109898989899,0.0739393939394,0.0739393939394,0.0739393939394,0.0739393939394,0.0739393939394,0.0739393939394,0.005,0.005,0.005,,4.68980147217e-17
0.13872,0.02086128,0.109898989899,0.109898989899,0.109898989899,0.0739393939394,0.0739393939394,0.0739393939394,0.109898989899,0.109898989899,0.109898989899,0.005,0.005,0.005,,4.71556349195e-17
0.13872,0.08976,0.109898989899,0.109898989899,0.109898989899,0.0739393939394,0.0739393939394,0.0739393939394,0.0739393939394,0.0739393939394,0.0739393939394,0.005,0.005,0.005,,4.74932084285e-17
0.13872,0.053856,0.109898989899,0.109898989899,0.109898989899,0.0739393939394,0.0739393939394,0.0739393939394,0.0739393939394,0.0739393939394,0.0739393939394,0.005,0.005,0.005,,4.76957525339e-17
0.13872,0.040128,0.109898989899,0.109898989899,0.109898989899,0.0739393939394,0.0739393939394,0.0739393939394,0.0739393939394,0.0739393939394,0.0739393939394,0.005,0.005,0.005,,4.78466677497e-17
0.13872,0.122332,0.109898989899,0.109898989899,0.109898989899,0.0739393939394,0.0739393939394,0.0739393939394,0.109898989899,0.109898989899,0.109898989899,0.005,0.005,0.005,,4.93573705462e-17
0.13872,0.13872,0.109898989899,0.109898989899,0.109898989899,0.0739393939394,0.0739393939394,0.0739393939394,0.0739393939394,0.0739393939394,0.0739393939394,0.005,0.005,0.005,,4.98790750601e-17
0.13872,0.10336,0.109898989899,0.109898989899,0.109898989899,0.0739393939394,0.0739393939394,0.0739393939394,0.0739393939394,0.0739393939394,0.0739393939394,0.005,0.005,0.005,,5.02677960705e-17
0.13872,0.04648752,0.109898989899,0.109898989899,0.109898989899,0.0739393939394,0.0739393939394,0.0739393939394,0.109898989899,0.109898989899,0.109898989899,0.005,0.005,0.005,,5.08418799281e-17
0.13872,0.062016,0.109898989899,0.109898989899,0.109898989899,0.0739393939394,0.0739393939394,0.0739393939394,0.0739393939394,0.0739393939394,0.0739393939394,0.005,0.005,0.005,,5.10751125343e-17
0.13872,0.02697088,0.109898989899,0.109898989899,0.109898989899,0.0739393939394,0.0739393939394,0.0739393939394,0.109898989899,0.109898989899,0.109898989899,0.005,0.005,0.005,,5.14081814275e-17
0.10336,0.03385648,0.109898989899,0.109898989899,0.109898989899,0.0739393939394,0.0739393939394,0.0739393939394,0.109898989899,0.109898989899,0.109898989899,0.005,0.005,0.005,,5.17197073429e-17
0.10336,0.045408,0.109898989899,0.109898989899,0.109898989899,0.0739393939394,0.0739393939394,0.0739393939394,0.0739393939394,0.0739393939394,0.0739393939394,0.005,0.005,0.005,,5.18469495837e-17
0.10336,0.11696,0.109898989899,0.109898989899,0.109898989899,0.0739393939394,0.0739393939394,0.0739393939394,0.0739393939394,0.0739393939394,0.0739393939394,0.005,0.005,0.005,,5.21746947492e-17
0.10336,0.070176,0.109898989899,0.109898989899,0.109898989899,0.0739393939394,0.0739393939394,0.0739393939394,0.0739393939394,0.0739393939394,0.0739393939394,0.005,0.005,0.005,,5.23713418486e-17
0.10336,0.052288,0.109898989899,0.109898989899,0.109898989899,0.0739393939394,0.0739393939394,0.0739393939394,0.0739393939394,0.0739393939394,0.0739393939394,0.005,0.005,0.005,,5.25178632167e-17
0.10336,0.02086128,0.109898989899,0.109898989899,0.109898989899,0.0739393939394,0.0739393939394,0.0739393939394,0.109898989899,0.109898989899,0.109898989899,0.005,0.005,0.005,,5.2709815521e-17
0.10336,0.08976,0.109898989899,0.109898989899,0.109898989899,0.0739393939394,0.0739393939394,0.0739393939394,0.0739393939394,0.0739393939394,0.0739393939394,0.005,0.005,0.005,,5.29613408806e-17
0.10336,0.053856,0.109898989899,0.109898989899,0.109898989899,0.0739393939394,0.0739393939394,0.0739393939394,0.0739393939394,0.0739393939394,0.0739393939394,0.005,0.005,0.005,,5.31122560964e-17
0.10336,0.040128,0.109898989899,0.109898989899,0.109898989899,0.0739393939394,0.0739393939394,0.0739393939394,0.0739393939394,0.0739393939394,0.0739393939394,0.005,0.005,0.005,,5.32247027278e-17
0.10336,0.122332,0.109898989899,0.109898989899,0.109898989899,0.0739393939394,0.0739393939394,0.0739393939394,0.109898989899,0.109898989899,0.109898989899,0.005,0.005,0.005,,5.43503244193e-17
0.10336,0.13872,0.109898989899,0.109898989899,0.109898989899,0.0739393939394,0.0739393939394,0.0739393939394,0.0739393939394,0.0739393939394,0.0739393939394,0.005,0.005,0.005,,5.47390454297e-17
0.10336,0.10336,0.109898989899,0.109898989899,0.109898989899,0.0739393939394,0.0739393939394,0.0739393939394,0.0739393939394,0.0739393939394,0.0739393939394,0.005,0.005,0.005,,5.50286806923e-17
0.10336,0.04648752,0.109898989899,0.109898989899,0.109898989899,0.0739393939394,0.0739393939394,0.0739393939394,0.109898989899,0.109898989899,0.109898989899,0.005,0.005,0.005,,5.54564294489e-17
0.10336,0.062016,0.109898989899,0.109898989899,0.109898989899,0.0739393939394,0.0739393939394,0.0739393939394,0.0739393939394,0.0739393939394,0.0739393939394,0.005,0.005,0.005,,5.56302106065e-17
0.10336,0.02697088,0.109898989899,0.109898989899,0.109898989899,0.0739393939394,0.0739393939394,0.0739393939394,0.109898989899,0.109898989899,0.109898989899,0.005,0.005,0.005,,5.58783795857e-17
0.04648752,0.03385648,0.109898989899,0.109898989899,0.109898989899,0.109898989899,0.109898989899,0.109898989899,0.109898989899,0.109898989899,0.109898989899,0.005,0.005,0.005,,5.63384576225e-17
0.04648752,0.045408,0.109898989899,0.109898989899,0.109898989899,0.109898989899,0.109898989899,0.109898989899,0.0739393939394,0.0739393939394,0.0739393939394,0.005,0.005,0.005,,5.65263757295e-17
0.04648752,0.11696,0.109898989899,0.109898989899,0.109898989899,0.109898989899,0.109898989899,0.109898989899,0.0739393939394,0.0739393939394,0.0739393939394,0.005,0.005,0.005,,5.70104072173e-17
0.04648752,0.070176,0.109898989899,0.109898989899,0.109898989899,0.109898989899,0.109898989899,0.109898989899,0.0739393939394,0.0739393939394,0.0739393939394,0.005,0.005,0.005,,5.730082611e-17
0.04648752,0.052288,0.109898989899,0.109898989899,0.109898989899,0.109898989899,0.109898989899,0.109898989899,0.0739393939394,0.0739393939394,0.0739393939394,0.005,0.005,0.005,,5.75172166574e-17
0.04648752,0.02086128,0.109898989899,0.109898989899,0.109898989899,0.109898989899,0.109898989899,0.109898989899,0.109898989899,0.109898989899,0.109898989899,0.005,0.005,0.005,,5.7800702027e-17
0.04648752,0.08976,0.109898989899,0.109898989899,0.109898989899,0.109898989899,0.109898989899,0.109898989899,0.0739393939394,0.0739393939394,0.0739393939394,0.005,0.005,0.005,,5.81721680526e-17
0.04648752,0.053856,0.109898989899,0.109898989899,0.109898989899,0.109898989899,0.109898989899,0.109898989899,0.0739393939394,0.0739393939394,0.0739393939394,0.005,0.005,0.005,,5.83950476679e-17
0.04648752,0.040128,0.109898989899,0.109898989899,0.109898989899,0.109898989899,0.109898989899,0.109898989899,0.0739393939394,0.0739393939394,0.0739393939394,0.005,0.005,0.005,,5.85611148322e-17
0.04648752,0.122332,0.109898989899,0.109898989899,0.109898989899,0.109898989899,0.109898989899,0.109898989899,0.109898989899,0.109898989899,0.109898989899,0.005,0.005,0.005,,6.02234927992e-17
0.04648752,0.13872,0.109898989899,0.109898989899,0.109898989899,0.109898989899,0.109898989899,0.109898989899,0.0739393939394,0.0739393939394,0.0739393939394,0.005,0.005,0.005,,6.07975766568e-17
0.04648752,0.10336,0.109898989899,0.109898989899,0.109898989899,0.109898989899,0.109898989899,0.109898989899,0.0739393939394,0.0739393939394,0.0739393939394,0.005,0.005,0.005,,6.12253254135e-17
0.04648752,0.04648752,0.109898989899,0.109898989899,0.109898989899,0.109898989899,0.109898989899,0.109898989899,0.109898989899,0.109898989899,0.109898989899,0.005,0.005,0.005,,6.18570475221e-17
0.04648752,0.062016,0.109898989899,0.109898989899,0.109898989899,0.109898989899,0.109898989899,0.109898989899,0.0739393939394,0.0739393939394,0.0739393939394,0.005,0.005,0.005,,6.21136967761e-17
0.04648752,0.02697088,0.109898989899,0.109898989899,0.109898989899,0.109898989899,0.109898989899,0.109898989899,0.109898989899,0.109898989899,0.109898989899,0.005,0.005,0.005,,6.24802059205e-17
0.062016,0.03385648,0.109898989899,0.109898989899,0.109898989899,0.0739393939394,0.0739393939394,0.0739393939394,0.109898989899,0.109898989899,0.109898989899,0.005,0.005,0.005,,6.26671214698e-17
0.062016,0.045408,0.109898989899,0.109898989899,0.109898989899,0.0739393939394,0.0739393939394,0.0739393939394,0.0739393939394,0.0739393939394,0.0739393939394,0.005,0.005,0.005,,6.27434668143e-17
0.062016,0.11696,0.109898989899,0.109898989899,0.109898989899,0.0739393939394,0.0739393939394,0.0739393939394,0.0739393939394,0.0739393939394,0.0739393939394,0.005,0.005,0.005,,6.29401139136e-17
0.062016,0.070176,0.109898989899,0.109898989899,0.109898989899,0.0739393939394,0.0739393939394,0.0739393939394,0.0739393939394,0.0739393939394,0.0739393939394,0.005,0.005,0.005,,6.30581021732e-17
0.062016,0.052288,0.109898989899,0.109898989899,0.109898989899,0.0739393939394,0.0739393939394,0.0739393939394,0.0739393939394,0.0739393939394,0.0739393939394,0.005,0.005,0.005,,6.31460149941e-17
0.062016,0.02086128,0.109898989899,0.109898989899,0.109898989899,0.0739393939394,0.0739393939394,0.0739393939394,0.109898989899,0.109898989899,0.109898989899,0.005,0.005,0.005,,6.32611863766e-17
0.062016,0.08976,0.109898989899,0.109898989899,0.109898989899,0.0739393939394,0.0739393939394,0.0739393939394,0.0739393939394,0.0739393939394,0.0739393939394,0.005,0.005,0.005,,6.34121015924e-17
0.062016,0.053856,0.109898989899,0.109898989899,0.109898989899,0.0739393939394,0.0739393939394,0.0739393939394,0.0739393939394,0.0739393939394,0.0739393939394,0.005,0.005,0.005,,6.35026507219e-17
0.062016,0.040128,0.109898989899,0.109898989899,0.109898989899,0.0739393939394,0.0739393939394,0.0739393939394,0.0739393939394,0.0739393939394,0.0739393939394,0.005,0.005,0.005,,6.35701187007e-17
0.062016,0.122332,0.109898989899,0.109898989899,0.109898989899,0.0739393939394,0.0739393939394,0.0739393939394,0.109898989899,0.109898989899,0.109898989899,0.005,0.005,0.005,,6.42454917156e-17
0.062016,0.13872,0.109898989899,0.109898989899,0.109898989899,0.0739393939394,0.0739393939394,0.0739393939394,0.0739393939394,0.0739393939394,0.0739393939394,0.005,0.005,0.005,,6.44787243218e-17
0.062016,0.10336,0.109898989899,0.109898989899,0.109898989899,0.0739393939394,0.0739393939394,0.0739393939394,0.0739393939394,0.0739393939394,0.0739393939394,0.005,0.005,0.005,,6.46525054794e-17
0.062016,0.04648752,0.109898989899,0.109898989899,0.109898989899,0.0739393939394,0.0739393939394,0.0739393939394,0.109898989899,0.109898989899,0.109898989899,0.005,0.005,0.005,,6.49091547334e-17
0.062016,0.062016,0.109898989899,0.109898989899,0.109898989899,0.0739393939394,0.0739393939394,0.0739393939394,0.0739393939394,0.0739393939394,0.0739393939394,0.005,0.005,0.005,,6.50134234279e-17
0.062016,0.02697088,0.109898989899,0.109898989899,0.109898989899,0.0739393939394,0.0739393939394,0.0739393939394,0.109898989899,0.109898989899,0.109898989899,0.005,0.005,0.005,,6.51623248155e-17
0.02697088,0.03385648,0.109898989899,0.109898989899,0.109898989899,0.109898989899,0.109898989899,0.109898989899,0.109898989899,0.109898989899,0.109898989899,0.005,0.005,0.005,,6.5429250423e-17
0.02697088,0.045408,0.109898989899,0.109898989899,0.109898989899,0.109898989899,0.109898989899,0.109898989899,0.0739393939394,0.0739393939394,0.0739393939394,0.005,0.005,0.005,,6.55382757424e-17
0.02697088,0.11696,0.109898989899,0.109898989899,0.109898989899,0.109898989899,0.109898989899,0.109898989899,0.0739393939394,0.0739393939394,0.0739393939394,0.005,0.005,0.005,,6.58190985347e-17
0.02697088,0.070176,0.109898989899,0.109898989899,0.109898989899,0.109898989899,0.109898989899,0.109898989899,0.0739393939394,0.0739393939394,0.0739393939394,0.005,0.005,0.005,,6.59875922101e-17
0.02697088,0.052288,0.109898989899,0.109898989899,0.109898989899,0.109898989899,0.109898989899,0.109898989899,0.0739393939394,0.0739393939394,0.0739393939394,0.005,0.005,0.005,,6.61131365172e-17
0.02697088,0.02086128,0.109898989899,0.109898989899,0.109898989899,0.109898989899,0.109898989899,0.109898989899,0.109898989899,0.109898989899,0.109898989899,0.005,0.005,0.005,,6.62776075384e-17
0.02697088,0.08976,0.109898989899,0.109898989899,0.109898989899,0.109898989899,0.109898989899,0.109898989899,0.0739393939394,0.0739393939394,0.0739393939394,0.005,0.005,0.005,,6.64931227046e-17
0.02697088,0.053856,0.109898989899,0.109898989899,0.109898989899,0.109898989899,0.109898989899,0.109898989899,0.0739393939394,0.0739393939394,0.0739393939394,0.005,0.005,0.005,,6.66224318043e-17
0.02697088,0.040128,0.109898989899,0.109898989899,0.109898989899,0.109898989899,0.109898989899,0.109898989899,0.0739393939394,0.0739393939394,0.0739393939394,0.005,0.005,0.005,,6.67187797609e-17
0.02697088,0.122332,0.109898989899,0.109898989899,0.109898989899,0.109898989899,0.109898989899,0.109898989899,0.109898989899,0.109898989899,0.109898989899,0.005,0.005,0.005,,6.7683249293e-17
0.02697088,0.13872,0.109898989899,0.109898989899,0.109898989899,0.109898989899,0.109898989899,0.109898989899,0.0739393939394,0.0739393939394,0.0739393939394,0.005,0.005,0.005,,6.80163181862e-17
0.02697088,0.10336,0.109898989899,0.109898989899,0.109898989899,0.109898989899,0.109898989899,0.109898989899,0.0739393939394,0.0739393939394,0.0739393939394,0.005,0.005,0.005,,6.82644871654e-17
0.02697088,0.04648752,0.109898989899,0.109898989899,0.109898989899,0.109898989899,0.109898989899,0.109898989899,0.109898989899,0.109898989899,0.109898989899,0.005,0.005,0.005,,6.86309963099e-17
0.02697088,0.062016,0.109898989899,0.109898989899,0.109898989899,0.109898989899,0.109898989899,0.109898989899,0.0739393939394,0.0739393939394,0.0739393939394,0.005,0.005,0.005,,6.87798976975e-17
0.02697088,0.02697088,0.109898989899,0.109898989899,0.109898989899,0.109898989899,0.109898989899,0.109898989899,0.109898989899,0.109898989899,0.109898989899,0.005,0.005,0.005,,6.8992537007e-17
